23.812500
23.812500
23.750000
23.750000
23.750000
23.750000
23.812500
23.812500
23.750000
23.812500
23.750000
23.750000
23.750000
23.750000
23.750000
23.812500
23.750000
23.750000
23.750000
23.750000
23.812500
23.750000
23.750000
23.750000
23.750000
23.812500
23.750000
23.750000
23.750000
23.812500
23.812500
23.812500
23.750000
23.750000
23.750000
23.750000
23.750000
23.750000
23.750000
23.750000
23.750000
23.812500
23.812500
23.750000
23.750000
23.562500
23.625000
23.625000
23.562500
23.625000
23.625000
23.562500
23.562500
23.562500
23.625000
23.562500
23.562500
23.625000
23.625000
23.562500
23.625000
23.562500
23.562500
23.562500
23.625000
23.625000
23.562500
23.625000
23.625000
23.625000
23.625000
23.625000
23.562500
23.562500
23.625000
23.562500
23.562500
23.625000
23.562500
23.625000
23.562500
23.562500
23.562500
23.562500
23.562500
23.625000
23.625000
23.625000
23.625000
23.625000
23.625000
23.625000
