21.187500

21.250000

21.312500

21.312500

21.312500

21.312500

21.375000

21.437500

21.437500

21.437500

21.437500

21.500000

21.437500

21.437500

21.500000

21.500000

21.562500

21.500000

21.500000

21.562500

21.562500

21.562500

21.562500

21.562500

21.562500

21.562500

21.625000

21.625000

21.625000

21.625000

21.625000

21.625000

21.625000

21.625000

21.625000

21.625000

21.687500

21.687500

21.625000

21.687500

21.687500

21.687500

21.687500

21.687500

21.687500

21.687500

21.687500

21.687500

21.750000

21.750000

21.750000

21.750000

21.750000

21.750000

21.750000

21.750000

21.750000

